0 1 2
-0.1314209700 0.1163795367 0.9844714999 0.0048591713
0.9812407494 0.1565684527 0.1124808267 -0.0002608298
-0.1410467327 0.9807863235 -0.1347724646 -0.0018558974
0.0000000000 0.0000000000 0.0000000000 1.0000000000
