0 1 2
-0.1379338910 0.0959961735 0.9857783875 -0.0026227757
0.9794643899 0.1609910902 0.1213729129 0.0037268064
-0.1470502428 0.9822763403 -0.1162308817 -0.0049015603
0.0000000000 0.0000000000 0.0000000000 1.0000000000
