0 1 2
-0.1392850997 0.1090741722 0.9842268764 0.0011790882
0.9806739475 0.1531000582 0.1218153959 0.0006683128
-0.1373983322 0.9821727916 -0.1282906753 -0.0037236498
0.0000000000 0.0000000000 0.0000000000 1.0000000000
