0 1 2
-0.1342822760 0.1097258106 0.9848494530 0.0004782155
0.9799627662 0.1622445285 0.1155397221 -0.0002712561
-0.1471087784 0.9806309938 -0.1293137372 0.0011115819
0.0000000000 0.0000000000 0.0000000000 1.0000000000
