0 1 2
-0.1293339290 0.1143015936 0.9849914818 -0.0022441740
0.9826786847 0.1477292704 0.1118871604 -0.0031252293
-0.1327232902 0.9824009591 -0.1314279071 0.0027731123
0.0000000000 0.0000000000 0.0000000000 1.0000000000
