0 1 2
-0.1337870955 0.1180325970 0.9839559793 -0.0005139236
0.9811357260 0.1555884182 0.1147396713 -0.0001492836
-0.1395488381 0.9807447791 -0.1366217285 0.0003849603
0.0000000000 0.0000000000 0.0000000000 1.0000000000
