0 1 2
-0.1352555110 0.1145560451 0.9841661048 -0.0017766634
0.9807248855 0.1568458100 0.1165258553 -0.0005273335
-0.1410138158 0.9809570383 -0.1335621123 -0.0003245302
0.0000000000 0.0000000000 0.0000000000 1.0000000000
