0 1 2
-0.1350876077 0.1154379696 0.9840860803 -0.0014717082
0.9804624731 0.1588986891 0.1159506167 -0.0002866055
-0.1429848843 0.9805229634 -0.1346478409 0.0005041654
0.0000000000 0.0000000000 0.0000000000 1.0000000000
