0 1 2
-0.1312065125 0.1148405299 0.9846810699 -0.0017321184
0.9810315967 0.1580119282 0.1122918501 -0.0015976727
-0.1426956803 0.9807363749 -0.1333943456 0.0003330875
0.0000000000 0.0000000000 0.0000000000 1.0000000000
