0 1 2
-0.1391350705 0.1058790017 0.9845972919 0.0038299366
0.9805560115 0.1536787439 0.1220377893 -0.0027537032
-0.1383901223 0.9824318470 -0.1252025349 -0.0019650237
0.0000000000 0.0000000000 0.0000000000 1.0000000000
