0 1 2
-0.1346263049 0.1178219344 0.9838667338 0.0005045190
0.9807157674 0.1578073659 0.1152970895 0.0007070381
-0.1416768915 0.9804156399 -0.1367948514 -0.0029539204
0.0000000000 0.0000000000 0.0000000000 1.0000000000
