0 1 2
-0.1326519996 0.1080327705 0.9852579832 0.0046171062
0.9786956906 0.1714422256 0.1129700243 0.0025629383
-0.1567102373 0.9792528152 -0.1284734011 0.0005894080
0.0000000000 0.0000000000 0.0000000000 1.0000000000
