0 1 2
-0.1231229901 0.1103123799 0.9862412214 0.0011256710
0.9825831056 0.1529315412 0.1055606827 -0.0028931610
-0.1391827464 0.9820604920 -0.1272203475 0.0003362671
0.0000000000 0.0000000000 0.0000000000 1.0000000000
