0 1 2
-0.1380972564 0.1107878014 0.9842029214 0.0045215841
0.9814679623 0.1486028433 0.1209860519 -0.0021550998
-0.1328517646 0.9826717377 -0.1292564273 -0.0018913049
0.0000000000 0.0000000000 0.0000000000 1.0000000000
