0 1 2
-0.1382976323 0.1092860326 0.9843425751 0.0026694147
0.9813078046 0.1494185030 0.1212819070 0.0030921830
-0.1338245571 0.9827159643 -0.1279075891 -0.0010047999
0.0000000000 0.0000000000 0.0000000000 1.0000000000
