0 1 2
-0.1799076498 0.1026084945 0.9783173800 0.0024852089
0.9769030213 0.1352084130 0.1654666215 -0.0039436040
-0.1152984872 0.9854896069 -0.1245634779 -0.0002665855
0.0000000000 0.0000000000 0.0000000000 1.0000000000
