0 1 2
-0.1733082384 0.1138150096 0.9782689810 -0.0010284941
0.9790704846 0.1275245398 0.1586135179 0.0038211634
-0.1067009121 0.9852834940 -0.1335341334 -0.0021019285
0.0000000000 0.0000000000 0.0000000000 1.0000000000
