0 1 2
-0.1586026102 0.1134946719 0.9807977080 0.0009083654
0.9792532921 0.1449799389 0.1415763348 0.0005351628
-0.1261278093 0.9829038382 -0.1341343373 0.0002484581
0.0000000000 0.0000000000 0.0000000000 1.0000000000
