0 1 2
0.3377794325 0.4827613831 -0.8079887033 -0.0007627924
-0.7249738574 0.6809152961 0.1037619039 -0.0008101756
0.6002643704 0.5507223010 0.5799888372 -0.0013996286
0.0000000000 0.0000000000 0.0000000000 1.0000000000
