0 1 2
0.3478602461 0.4707205211 -0.8108118344 0.0000982755
-0.7227362778 0.6855111156 0.0879035200 0.0006373847
0.5971981319 0.5554248822 0.5786690177 -0.0051804060
0.0000000000 0.0000000000 0.0000000000 1.0000000000
