0 1 2
0.3321426544 0.4707989009 -0.8173309759 0.0028262206
-0.7238748949 0.6827732895 0.0991263715 0.0005530529
0.6047200775 0.5587212865 0.5675776379 -0.0005246513
0.0000000000 0.0000000000 0.0000000000 1.0000000000
