0 1 2
-0.1350716662 0.1121464792 0.9844687970 -0.0003859430
0.9804758541 0.1584311709 0.1164760220 0.0004932882
-0.1429081684 0.9809804949 -0.1313564772 0.0004682127
0.0000000000 0.0000000000 0.0000000000 1.0000000000
