0 1 2
-0.1356946230 0.1146257520 0.9840974212 -0.0026065100
0.9800732136 0.1609624326 0.1163912565 0.0053123483
-0.1450612843 0.9802817106 -0.1341833025 0.0038716428
0.0000000000 0.0000000000 0.0000000000 1.0000000000
