0 1 2
-0.1502863765 0.1129236445 0.9821721315 0.0028805011
0.9768450260 0.1699780375 0.1299282610 0.0008483785
-0.1522756219 0.9789563417 -0.1358543336 0.0037100753
0.0000000000 0.0000000000 0.0000000000 1.0000000000
