0 1 2
-0.1517758220 0.1139346138 0.9818262458 0.0011227280
0.9763830900 0.1718002409 0.1309980899 0.0030446276
-0.1537527442 0.9785210490 -0.1373189390 0.0047697723
0.0000000000 0.0000000000 0.0000000000 1.0000000000
