0 1 2
-0.1538333148 0.1109372303 0.9818494320 0.0027734563
0.9761030674 0.1714149714 0.1335652173 0.0002842657
-0.1534864753 0.9789329171 -0.1346554309 0.0038598627
0.0000000000 0.0000000000 0.0000000000 1.0000000000
