0 1 2
-0.1288771778 0.1083856821 0.9857192039 0.0032812664
0.9805783629 0.1621180326 0.1103794724 -0.0024514394
-0.1478395164 0.9808003306 -0.1271740943 0.0017739442
0.0000000000 0.0000000000 0.0000000000 1.0000000000
