0 1 2
-0.1484294971 0.1150311424 0.9822100832 0.0015449350
0.9790928631 0.1567860281 0.1295966708 0.0006772603
-0.1390891733 0.9809109132 -0.1358979663 -0.0001086985
0.0000000000 0.0000000000 0.0000000000 1.0000000000
