0 1 2
-0.1594633758 0.1068663225 0.9814029336 0.0055663586
0.9762856960 0.1645125598 0.1407178193 -0.0018932223
-0.1464149356 0.9805687666 -0.1305658221 0.0020902008
0.0000000000 0.0000000000 0.0000000000 1.0000000000
