0 1 2
-0.1369212866 0.1172475666 0.9836187363 0.0037133102
0.9806959033 0.1559818238 0.1179213598 0.0039827637
-0.1396008134 0.9807765484 -0.1363414079 -0.0014346152
0.0000000000 0.0000000000 0.0000000000 1.0000000000
