0 1 2
-0.1361801792 0.1242016491 0.9828677489 -0.0027445921
0.9807481974 0.1570605432 0.1160392700 -0.0015628534
-0.1399571631 0.9797484851 -0.1431993353 -0.0047063814
0.0000000000 0.0000000000 0.0000000000 1.0000000000
