0 1 2
-0.1342994720 0.1109204665 0.9847132564 0.0007757105
0.9798935056 0.1628333330 0.1153000370 0.0004315237
-0.1475550383 0.9803987741 -0.1305586696 -0.0011208282
0.0000000000 0.0000000000 0.0000000000 1.0000000000
