0 1 2
-0.1361425966 0.1268895864 0.9825293422 -0.0004850899
0.9819616675 0.1486366242 0.1168683022 0.0027050541
-0.1312105209 0.9807170630 -0.1448365152 -0.0027317586
0.0000000000 0.0000000000 0.0000000000 1.0000000000
