0 1 2
-0.1410127580 0.1172102168 0.9830448627 -0.0038816279
0.9801896214 0.1560267359 0.1219997033 0.0022006773
-0.1390816271 0.9807738066 -0.1368900388 -0.0027600022
0.0000000000 0.0000000000 0.0000000000 1.0000000000
