0 1 2
-0.1324285567 0.1113909334 0.9849137068 -0.0033989712
0.9810424447 0.1565703005 0.1142002791 0.0017553150
-0.1414873004 0.9813652039 -0.1300136447 -0.0047385958
0.0000000000 0.0000000000 0.0000000000 1.0000000000
