0 1 2
-0.1336418986 0.1123068109 0.9846454859 0.0027821213
0.9801875353 0.1615456790 0.1146112308 -0.0013805330
-0.1461934745 0.9804541469 -0.1316709518 -0.0001325626
0.0000000000 0.0000000000 0.0000000000 1.0000000000
