0 1 2
-0.1387739033 0.1096951440 0.9842298031 -0.0004710555
0.9793516397 0.1627331674 0.1199491322 0.0011681616
-0.1470089555 0.9805533886 -0.1300132722 0.0005498603
0.0000000000 0.0000000000 0.0000000000 1.0000000000
