0 1 2
-0.1365472227 0.1120829284 0.9842723608 0.0019318759
0.9795089364 0.1637582779 0.1172386855 0.0009702072
-0.1480421275 0.9801125526 -0.1321469247 -0.0013109446
0.0000000000 0.0000000000 0.0000000000 1.0000000000
