0 1 2
-0.1350163645 0.1179883736 0.9837934358 -0.0025569584
0.9797072702 0.1643363068 0.1147462317 -0.0012680697
-0.1481342929 0.9793221216 -0.1377821409 -0.0028341107
0.0000000000 0.0000000000 0.0000000000 1.0000000000
