0 1 2
-0.1479300112 0.0987053588 0.9840598106 0.0009459108
0.9762528539 0.1737983823 0.1293237060 0.0006834958
-0.1582628787 0.9798220992 -0.1220713556 0.0006524920
0.0000000000 0.0000000000 0.0000000000 1.0000000000
