0 1 2
-0.1236945763 0.0889886841 0.9883218408 0.0041552507
0.9815621376 0.1572318822 0.1086913124 0.0017389522
-0.1457234323 0.9835444689 -0.1067965403 -0.0040210718
0.0000000000 0.0000000000 0.0000000000 1.0000000000
