0 1 2
-0.1435190588 0.1059364751 0.9839613438 0.0014423000
0.9786412120 0.1630610675 0.1251875311 -0.0007293907
-0.1471838951 0.9809122682 -0.1270761788 -0.0006708158
0.0000000000 0.0000000000 0.0000000000 1.0000000000
