0 1 2
-0.1415742189 0.1094128713 0.9838624597 -0.0009771436
0.9801059961 0.1551486999 0.1237799004 -0.0009537423
-0.1391019076 0.9818134904 -0.1292009801 -0.0007621795
0.0000000000 0.0000000000 0.0000000000 1.0000000000
