0 1 2
-0.1435754746 0.1049571633 0.9840580821 0.0011265203
0.9787878990 0.1619089842 0.1255376190 -0.0014291005
-0.1461516470 0.9812079072 -0.1259769648 -0.0013833009
0.0000000000 0.0000000000 0.0000000000 1.0000000000
