0 1 2
-0.1348271054 0.1212297366 0.9834250176 0.0015554601
0.9814415505 0.1529223654 0.1157040208 -0.0050567377
-0.1363608863 0.9807742685 -0.1395978852 -0.0024124629
0.0000000000 0.0000000000 0.0000000000 1.0000000000
