0 1 2
-0.1146541163 0.1230099648 0.9857600331 -0.0035906101
0.9842675924 0.1483469456 0.0959688574 0.0000640395
-0.1344293803 0.9812551737 -0.1380832493 -0.0035941433
0.0000000000 0.0000000000 0.0000000000 1.0000000000
