0 1 2
-0.1365105212 0.1162690669 0.9837920070 0.0025426596
0.9814558029 0.1507800668 0.1183665544 -0.0018341988
-0.1345737875 0.9817061424 -0.1346958727 -0.0007399358
0.0000000000 0.0000000000 0.0000000000 1.0000000000
