0 1 2
-0.1257174909 0.1230634302 0.9844036698 0.0029519142
0.9831242561 0.1483823955 0.1070041880 -0.0050270096
-0.1328999698 0.9812433124 -0.1396410614 -0.0030631588
0.0000000000 0.0000000000 0.0000000000 1.0000000000
