0 1 2
-0.1304932088 0.1035907045 0.9860227704 0.0011612666
0.9805692434 0.1604158729 0.1129185036 0.0008924357
-0.1464762986 0.9815984964 -0.1225112528 -0.0022334766
0.0000000000 0.0000000000 0.0000000000 1.0000000000
