0 1 2
-0.1375793815 0.1082963943 0.9845525026 0.0050714538
0.9801885486 0.1578761786 0.1196039543 -0.0021821558
-0.1424846500 0.9815022349 -0.1278713495 -0.0007160977
0.0000000000 0.0000000000 0.0000000000 1.0000000000
