0 1 2
-0.1242886558 0.1152749956 0.9855273366 -0.0030863925
0.9826421738 0.1521554291 0.1061275378 -0.0007073572
-0.1377194971 0.9816110730 -0.1321852356 -0.0022486376
0.0000000000 0.0000000000 0.0000000000 1.0000000000
