0 1 2
-0.1294717193 0.1066763774 0.9858281612 0.0011490956
0.9806774855 0.1608205587 0.1113928258 -0.0010289550
-0.1466584653 0.9812016487 -0.1254367977 -0.0001335405
0.0000000000 0.0000000000 0.0000000000 1.0000000000
