0 1 2
-0.1271321923 0.1141034514 0.9853006601 0.0033642538
0.9812176228 0.1597690731 0.1081032827 -0.0003642328
-0.1450855732 0.9805377722 -0.1322722435 0.0007786304
0.0000000000 0.0000000000 0.0000000000 1.0000000000
