0 1 2
-0.1488799242 0.1136680112 0.9818864773 -0.0000982896
0.9772556364 0.1659047786 0.1289718127 0.0005094253
-0.1483000075 0.9791536604 -0.1358378450 -0.0006809179
0.0000000000 0.0000000000 0.0000000000 1.0000000000
