0 1 2
-0.1189255565 0.1065849140 0.9871659875 -0.0008159235
0.9817510843 0.1612167507 0.1008665487 0.0015864166
-0.1483968347 0.9811468124 -0.1238126308 0.0005529486
0.0000000000 0.0000000000 0.0000000000 1.0000000000
