0 1 2
-0.1529834419 0.1147441193 0.9815446734 0.0043507041
0.9784265161 0.1571339816 0.1341283470 -0.0020661752
-0.1388435215 0.9808887243 -0.1363072544 -0.0015791934
0.0000000000 0.0000000000 0.0000000000 1.0000000000
