0 1 2
-0.1431638896 0.0996366590 0.9846706390 0.0027405920
0.9797716141 0.1548341513 0.1267841756 0.0025688135
-0.1398283392 0.9829033613 -0.1197879389 -0.0002715691
0.0000000000 0.0000000000 0.0000000000 1.0000000000
