0 1 2
-0.1029031724 0.0601178408 0.9928727150 0.0034216847
0.9841783047 0.1508941054 0.0928655565 0.0031990244
-0.1442357898 0.9867202044 -0.0746941566 -0.0016034001
0.0000000000 0.0000000000 0.0000000000 1.0000000000
