0 1 2
-0.1334670335 0.1187528595 0.9839125872 -0.0029134292
0.9801753759 0.1625090986 0.1133459210 -0.0027707668
-0.1464345008 0.9795349240 -0.1380882561 0.0000330429
0.0000000000 0.0000000000 0.0000000000 1.0000000000
