0 1 2
-0.1339742839 0.1228042692 0.9833464026 -0.0046264529
0.9811956286 0.1555675268 0.1142533571 -0.0033942605
-0.1389460266 0.9801621437 -0.1413371116 0.0025097877
0.0000000000 0.0000000000 0.0000000000 1.0000000000
