0 1 2
-0.1264352053 0.1148063764 0.9853088260 -0.0016404167
0.9803805947 0.1658811718 0.1064746752 -0.0022336070
-0.1512202471 0.9794399142 -0.1335272044 -0.0004018173
0.0000000000 0.0000000000 0.0000000000 1.0000000000
