0 1 2
-0.1313116401 0.1123855785 0.9849501252 -0.0028174147
0.9796697497 0.1667212993 0.1115841344 -0.0026254370
-0.1516717821 0.9795781970 -0.1319930851 -0.0007370263
0.0000000000 0.0000000000 0.0000000000 1.0000000000
