0 1 2
-0.1325521916 0.1088067070 0.9851857424 -0.0045362618
0.9809153080 0.1570503861 0.1146325171 -0.0018210139
-0.1422509402 0.9815786481 -0.1275475472 -0.0016643212
0.0000000000 0.0000000000 0.0000000000 1.0000000000
