0 1 2
-0.1344363867 0.1179812349 0.9838736201 0.0027426571
0.9810728059 0.1554901760 0.1154080923 -0.0015321897
-0.1393665633 0.9807668899 -0.1366516725 -0.0014132524
0.0000000000 0.0000000000 0.0000000000 1.0000000000
