0 1 2
-0.1355287731 0.1178719327 0.9837365150 0.0045252927
0.9807925224 0.1565427780 0.1163661033 -0.0011886550
-0.1402805895 0.9806123972 -0.1368238926 0.0000659551
0.0000000000 0.0000000000 0.0000000000 1.0000000000
