0 1 2
-0.1389621198 0.1088382900 0.9842990041 0.0011401752
0.9816114902 0.1464944631 0.1223843917 -0.0005821650
-0.1308742762 0.9832061529 -0.1271940917 0.0024902625
0.0000000000 0.0000000000 0.0000000000 1.0000000000
