0 1 2
-0.1239741817 0.1320719421 0.9834567904 -0.0006830784
0.9826569557 0.1540743262 0.1031821445 -0.0023207953
-0.1378979683 0.9791921973 -0.1488826275 -0.0027985473
0.0000000000 0.0000000000 0.0000000000 1.0000000000
