0 1 2
-0.1277961731 0.1274915189 0.9835718870 0.0001239302
0.9826370478 0.1507708132 0.1081316024 -0.0043221409
-0.1345080882 0.9803128839 -0.1445457488 -0.0030420984
0.0000000000 0.0000000000 0.0000000000 1.0000000000
