0 1 2
-0.1315394193 0.1176970601 0.9842993021 0.0044247657
0.9809572697 0.1585907638 0.1121293008 -0.0042334464
-0.1429034770 0.9803040028 -0.1363165528 0.0019712856
0.0000000000 0.0000000000 0.0000000000 1.0000000000
