0 1 2
-0.1330699623 0.1196384951 0.9838594198 0.0032874197
0.9806273580 0.1598667502 0.1131928191 -0.0001966818
-0.1437443495 0.9798617363 -0.1385942847 -0.0005757972
0.0000000000 0.0000000000 0.0000000000 1.0000000000
