0 1 2
-0.1348728538 0.1191583723 0.9836721420 0.0042625293
0.9806371927 0.1583064198 0.1152801737 0.0000211936
-0.1419852078 0.9801737666 -0.1382023394 0.0000591078
0.0000000000 0.0000000000 0.0000000000 1.0000000000
