0 1 2
-0.1293545365 0.1112213433 0.9853411317 0.0043060468
0.9813202024 0.1570588499 0.1110988259 -0.0043219156
-0.1424000710 0.9813062549 -0.1294600815 -0.0007285394
0.0000000000 0.0000000000 0.0000000000 1.0000000000
