0 1 2
-0.1376521438 0.1090107262 0.9844632745 0.0040074908
0.9797022343 0.1612150818 0.1191349253 0.0006106449
-0.1457235217 0.9808803797 -0.1289896667 -0.0027280701
0.0000000000 0.0000000000 0.0000000000 1.0000000000
