0 1 2
-0.1051406264 0.0640568435 0.9923921227 -0.0015509295
0.9828205109 0.1589100957 0.0938693509 -0.0034278762
-0.1516881287 0.9852128625 -0.0796642676 0.0022799205
0.0000000000 0.0000000000 0.0000000000 1.0000000000
