0 1 2
-0.1440832019 0.1251267940 0.9816228151 0.0020785045
0.9791547656 0.1615394056 0.1231296510 0.0003267843
-0.1431639194 0.9789015651 -0.1457935870 0.0004846059
0.0000000000 0.0000000000 0.0000000000 1.0000000000
