0 1 2
-0.1356146187 0.1197892502 0.9834933877 -0.0046587586
0.9800571203 0.1617453396 0.1154402047 0.0000228254
-0.1452469230 0.9795351028 -0.1393353194 0.0035850219
0.0000000000 0.0000000000 0.0000000000 1.0000000000
