0 1 2
-0.1351945102 0.1205074340 0.9834632874 -0.0037794376
0.9801452756 0.1615657210 0.1149411649 -0.0013426709
-0.1450427026 0.9794768095 -0.1399576366 0.0028816944
0.0000000000 0.0000000000 0.0000000000 1.0000000000
