0 1 2
-0.1264353544 0.0870779380 0.9881456494 0.0033895893
0.9816598892 0.1542644650 0.1120114103 0.0033387374
-0.1426819861 0.9841850400 -0.1049854755 -0.0008849661
0.0000000000 0.0000000000 0.0000000000 1.0000000000
