0 1 2
-0.1391160190 0.0972755998 0.9854868650 0.0035729322
0.9789986610 0.1632700264 0.1220841333 0.0004988082
-0.1490246058 0.9817740917 -0.1179461554 0.0017120672
0.0000000000 0.0000000000 0.0000000000 1.0000000000
