0 1 2
-0.1360749453 0.1219294816 0.9831666350 -0.0040260851
0.9805034399 0.1585813016 0.1160394177 -0.0018195054
-0.1417632401 0.9797884226 -0.1411311924 0.0022548437
0.0000000000 0.0000000000 0.0000000000 1.0000000000
