0 1 2
-0.1391712874 0.1224177778 0.9826724529 -0.0039601997
0.9798540473 0.1605602950 0.1187701449 -0.0006284559
-0.1432384849 0.9794050455 -0.1422969550 0.0016062967
0.0000000000 0.0000000000 0.0000000000 1.0000000000
