0 1 2
-0.1158024073 0.1056233346 0.9876402020 -0.0049310327
0.9828208685 0.1560514867 0.0985483751 0.0048003867
-0.1437137574 0.9820855260 -0.1218799129 -0.0009308755
0.0000000000 0.0000000000 0.0000000000 1.0000000000
