0 1 2
-0.1226125136 0.1130643860 0.9859929681 -0.0009425336
0.9818643332 0.1585694104 0.1039158255 0.0022498411
-0.1445993334 0.9808527827 -0.1304562837 -0.0005192530
0.0000000000 0.0000000000 0.0000000000 1.0000000000
