0 1 2
-0.1536068320 0.1062965766 0.9823980331 0.0052454248
0.9775438905 0.1614990383 0.1353734434 -0.0014025480
-0.1442666799 0.9811316729 -0.1287168711 0.0016868646
0.0000000000 0.0000000000 0.0000000000 1.0000000000
