0 1 2
-0.1215171441 0.1110848486 0.9863536358 0.0010739490
0.9817962050 0.1595961750 0.1029816121 0.0040218886
-0.1459786296 0.9809125662 -0.1284564137 -0.0022073984
0.0000000000 0.0000000000 0.0000000000 1.0000000000
