0 1 2
-0.1235361174 0.1118727401 0.9860141277 -0.0016934574
0.9825065136 0.1533242464 0.1057006046 0.0023817429
-0.1393548101 0.9818227887 -0.1288566887 0.0001550987
0.0000000000 0.0000000000 0.0000000000 1.0000000000
