0 1 2
-0.1314039975 0.0952904671 0.9867383242 -0.0000281842
0.9799592495 0.1628043950 0.1147790402 -0.0017497153
-0.1497081071 0.9820460081 -0.1147739291 -0.0010665860
0.0000000000 0.0000000000 0.0000000000 1.0000000000
