0 1 2
-0.1343863410 0.1162047436 0.9848405752 -0.0002015390
0.9813180845 0.1588269412 0.1151651401 -0.0002457732
-0.1429311655 0.9811955208 -0.1352783117 0.0012716887
0.0000000000 0.0000000000 0.0000000000 1.0000000000
