0 1 2
-0.1334182769 0.1209020615 0.9836579561 0.0041690096
0.9809941649 0.1572114080 0.1137341186 -0.0016474351
-0.1408915222 0.9801368117 -0.1395790577 0.0040730387
0.0000000000 0.0000000000 0.0000000000 1.0000000000
