0 1 2
-0.1258855078 0.1075921403 0.9861930892 0.0031922024
0.9814810807 0.1581934676 0.1080252733 -0.0016083794
-0.1443866761 0.9815286784 -0.1255139206 0.0010477118
0.0000000000 0.0000000000 0.0000000000 1.0000000000
