0 1 2
-0.1318088621 0.1091089770 0.9852519035 0.0022979388
0.9802758694 0.1619990021 0.1132029966 -0.0002761615
-0.1472583264 0.9807403088 -0.1283099651 -0.0013924132
0.0000000000 0.0000000000 0.0000000000 1.0000000000
