0 1 2
-0.1399043369 0.1204372045 0.9828131549 -0.0018176503
0.9798499352 0.1597382271 0.1199077194 -0.0011987832
-0.1425514771 0.9797852563 -0.1403585434 -0.0026775028
0.0000000000 0.0000000000 0.0000000000 1.0000000000
