0 1 2
-0.1304257661 0.1173531190 0.9844884276 -0.0003107650
0.9828797579 0.1456432641 0.1128517017 0.0004870926
-0.1301404536 0.9823524356 -0.1343396604 -0.0030403773
0.0000000000 0.0000000000 0.0000000000 1.0000000000
