0 1 2
-0.1319230646 0.1154356673 0.9845155478 0.0004562811
0.9812006950 0.1563432813 0.1131473333 0.0009882135
-0.1408611536 0.9809339643 -0.1338907778 -0.0023526615
0.0000000000 0.0000000000 0.0000000000 1.0000000000
