0 1 2
-0.1332148015 0.1163262129 0.9842367172 0.0012366647
0.9812471867 0.1550735086 0.1144820377 0.0015529351
-0.1393117607 0.9810305834 -0.1348027885 -0.0019368480
0.0000000000 0.0000000000 0.0000000000 1.0000000000
