0 1 2
-0.1312480718 0.1187995970 0.9842057228 -0.0010397701
0.9813573360 0.1561733335 0.1120173037 -0.0000912094
-0.1403991282 0.9805594087 -0.1370823979 -0.0038170763
0.0000000000 0.0000000000 0.0000000000 1.0000000000
