0 1 2
-0.1330869496 0.1183001548 0.9840186834 0.0001847928
0.9818136096 0.1513645053 0.1145914569 0.0036180848
-0.1353893131 0.9813734889 -0.1362933218 -0.0055210940
0.0000000000 0.0000000000 0.0000000000 1.0000000000
