0 1 2
-0.1302097887 0.1154233068 0.9847452044 0.0008532554
0.9814033508 0.1562894285 0.1114489287 0.0015851152
-0.1410415024 0.9809438586 -0.1336271763 -0.0019143755
0.0000000000 0.0000000000 0.0000000000 1.0000000000
