0 1 2
-0.1345831603 0.1154749468 0.9841509461 0.0002412945
0.9804947376 0.1590869874 0.1154166684 0.0016829716
-0.1432378888 0.9804881811 -0.1346330643 -0.0026706606
0.0000000000 0.0000000000 0.0000000000 1.0000000000
