0 1 2
-0.1479341568 0.1114646020 0.9826956016 -0.0006805355
0.9781589477 0.1631876890 0.1287413596 -0.0021828596
-0.1460140298 0.9802781560 -0.1331712738 -0.0020294095
0.0000000000 0.0000000000 0.0000000000 1.0000000000
