0 1 2
-0.1465319246 0.1068762764 0.9834154248 -0.0009165047
0.9781669974 0.1637612283 0.1279526204 0.0019228817
-0.1473701745 0.9806937575 -0.1285389662 0.0005156736
0.0000000000 0.0000000000 0.0000000000 1.0000000000
