0 1 2
-0.1360747657 0.1202472695 0.9833739208 -0.0002917684
0.9809347133 0.1553681192 0.1167388040 -0.0028787472
-0.1387472166 0.9805111659 -0.1390963358 -0.0019185391
0.0000000000 0.0000000000 0.0000000000 1.0000000000
