0 1 2
-0.1420810409 0.1231117658 0.9809329853 0.0030131499
0.9794874539 0.1519808926 0.1227973396 0.0016315821
-0.1341281333 0.9794479834 -0.1423528800 -0.0056717848
0.0000000000 0.0000000000 0.0000000000 1.0000000000
