0 1 2
-0.1292788386 0.1306878775 0.9829584956 -0.0008137170
0.9818976521 0.1552580148 0.1084971800 -0.0005313333
-0.1384329349 0.9791913629 -0.1483936161 -0.0039602350
0.0000000000 0.0000000000 0.0000000000 1.0000000000
