0 1 2
-0.1381273568 0.1159666181 0.9836015105 -0.0032466501
0.9801983237 0.1582805514 0.1189882532 0.0042952206
-0.1418864578 0.9805605412 -0.1355331093 -0.0011758506
0.0000000000 0.0000000000 0.0000000000 1.0000000000
