0 1 2
-0.1062626317 0.1314399242 0.9856125712 -0.0004051924
0.9848999977 0.1501611918 0.0861605108 0.0001642137
-0.1366759092 0.9798852801 -0.1454116255 0.0017613068
0.0000000000 0.0000000000 0.0000000000 1.0000000000
