0 1 2
-0.1145699471 0.1323518902 0.9845593572 -0.0039566308
0.9841064215 0.1504813582 0.0942883343 -0.0025242399
-0.1356785148 0.9797134399 -0.1474889666 0.0014572665
0.0000000000 0.0000000000 0.0000000000 1.0000000000
