0 1 2
-0.1182544231 0.1344227344 0.9838429093 -0.0044137239
0.9830192924 0.1558571309 0.0968605652 0.0001757164
-0.1403185278 0.9785904884 -0.1505709738 0.0025363341
0.0000000000 0.0000000000 0.0000000000 1.0000000000
