0 1 2
-0.1374414116 0.1158967689 0.9837058783 0.0022114685
0.9796525240 0.1625451297 0.1177243516 0.0010684681
-0.1462529749 0.9798706770 -0.1358786672 -0.0011643587
0.0000000000 0.0000000000 0.0000000000 1.0000000000
