0 1 2
-0.1322503239 0.1178236604 0.9841888547 0.0027145743
0.9814484119 0.1546149105 0.1133720726 -0.0012543742
-0.1388124228 0.9809240103 -0.1360858083 -0.0003805235
0.0000000000 0.0000000000 0.0000000000 1.0000000000
