0 1 2
-0.1364239692 0.1006211124 0.9855272157 0.0022050469
0.9791685918 0.1647220320 0.1187257832 -0.0015276540
-0.1503917082 0.9811941261 -0.1209970851 -0.0002411144
0.0000000000 0.0000000000 0.0000000000 1.0000000000
