0 1 2
-0.1324419230 0.1188219115 0.9840428233 0.0020252336
0.9815484285 0.1538654715 0.1135270596 -0.0005392135
-0.1379206926 0.9809212685 -0.1370075792 -0.0031309843
0.0000000000 0.0000000000 0.0000000000 1.0000000000
