0 1 2
-0.1346200258 0.1207068041 0.9835177660 -0.0006613790
0.9820103049 0.1488856077 0.1161409616 -0.0007066178
-0.1324126273 0.9814596176 -0.1385783553 -0.0028528785
0.0000000000 0.0000000000 0.0000000000 1.0000000000
