0 1 2
-0.1284258366 0.1119950116 0.9853748083 0.0028645087
0.9811072350 0.1593141854 0.1097623482 -0.0014127303
-0.1446913183 0.9808549285 -0.1303391606 0.0014054192
0.0000000000 0.0000000000 0.0000000000 1.0000000000
