0 1 2
-0.1366272569 0.1171764806 0.9836680293 -0.0002789059
0.9814472795 0.1508464217 0.1183496788 0.0006559435
-0.1345149577 0.9815880656 -0.1356122345 -0.0049805129
0.0000000000 0.0000000000 0.0000000000 1.0000000000
