0 1 2
-0.1237936541 0.1176621541 0.9853077531 -0.0026649125
0.9808578491 0.1649182737 0.1035405695 0.0036816197
-0.1503124088 0.9792639613 -0.1358254850 0.0005452139
0.0000000000 0.0000000000 0.0000000000 1.0000000000
