0 1 2
-0.1329364181 0.1130931601 0.9846511483 -0.0001334357
0.9816868305 0.1517982334 0.1151012778 -0.0023042976
-0.1364510953 0.9819201827 -0.1312015951 -0.0000400626
0.0000000000 0.0000000000 0.0000000000 1.0000000000
