0 1 2
-0.1337156296 0.1130395830 0.9845517278 0.0040912325
0.9818756580 0.1497569829 0.1161581576 -0.0006883435
-0.1343129873 0.9822395444 -0.1310156584 0.0004535788
0.0000000000 0.0000000000 0.0000000000 1.0000000000
