0 1 2
-0.1317918152 0.1161115095 0.9844532013 0.0022191480
0.9813430309 0.1555316597 0.1130311564 0.0012483583
-0.1399893910 0.9809832573 -0.1344428957 -0.0011500586
0.0000000000 0.0000000000 0.0000000000 1.0000000000
