0 1 2
-0.1312379241 0.1140206605 0.9847720265 0.0008147061
0.9812182784 0.1566029340 0.1126323640 0.0007236945
-0.1413758993 0.9810577631 -0.1324315071 -0.0014097914
0.0000000000 0.0000000000 0.0000000000 1.0000000000
