0 1 2
-0.1402113736 0.1141183376 0.9835233688 0.0044039562
0.9781533480 0.1699450910 0.1197270304 -0.0028993280
-0.1534819007 0.9788237214 -0.1354534775 0.0020121494
0.0000000000 0.0000000000 0.0000000000 1.0000000000
