0 1 2
-0.1445541240 0.1142393144 0.9828801983 0.0030805390
0.9771889286 0.1726639580 0.1236485154 -0.0006626500
-0.1555824636 0.9783335508 -0.1365926805 0.0020419679
0.0000000000 0.0000000000 0.0000000000 1.0000000000
