0 1 2
-0.1427849978 0.1068600118 0.9839683175 0.0028875619
0.9813055396 0.1449020654 0.1266619861 -0.0038078036
-0.1290437728 0.9836584926 -0.1255520880 0.0001901016
0.0000000000 0.0000000000 0.0000000000 1.0000000000
