0 1 2
-0.1350632161 0.1217444241 0.9833291173 -0.0036551128
0.9795602560 0.1657064110 0.1140296608 -0.0054656840
-0.1490615159 0.9786314964 -0.1416368484 -0.0007236796
0.0000000000 0.0000000000 0.0000000000 1.0000000000
