0 1 2
-0.1342144310 0.1119206920 0.9846115112 0.0036125071
0.9809978604 0.1554862410 0.1160477474 -0.0041564535
-0.1401053965 0.9814772606 -0.1306625158 -0.0002968386
0.0000000000 0.0000000000 0.0000000000 1.0000000000
