0 1 2
-0.1466754914 0.0985978396 0.9842585274 -0.0030477618
0.9743278030 0.1862048383 0.1265425630 -0.0001658495
-0.1707969002 0.9775511052 -0.1233782739 -0.0003250583
0.0000000000 0.0000000000 0.0000000000 1.0000000000
