0 1 2
-0.1325895619 0.1180268274 0.9841187358 0.0018566257
0.9813403929 0.1551246523 0.1136108911 -0.0015145501
-0.1392518193 0.9808192804 -0.1363924442 -0.0026191920
0.0000000000 0.0000000000 0.0000000000 1.0000000000
