0 1 2
-0.1358382851 0.1142615974 0.9841200709 0.0015921477
0.9805777669 0.1573533416 0.1170797050 -0.0027096916
-0.1414768547 0.9809099436 -0.1334167868 -0.0012228048
0.0000000000 0.0000000000 0.0000000000 1.0000000000
