0 1 2
-0.1357707977 0.1294080764 0.9822522402 0.0032524108
0.9818699956 0.1499462724 0.1159630567 -0.0023516002
-0.1322786063 0.9801886678 -0.1474202573 -0.0027449005
0.0000000000 0.0000000000 0.0000000000 1.0000000000
