0 1 2
-0.1305353492 0.1288440078 0.9830358028 0.0011059539
0.9826593995 0.1485084742 0.1110208556 -0.0002583631
-0.1316848844 0.9804818630 -0.1459953636 -0.0003486541
0.0000000000 0.0000000000 0.0000000000 1.0000000000
