0 1 2
-0.1163830906 0.1269371212 0.9850593209 -0.0029253631
0.9852842093 0.1397591829 0.0983999595 -0.0034369777
-0.1251805127 0.9820154309 -0.1413347572 -0.0005917141
0.0000000000 0.0000000000 0.0000000000 1.0000000000
