0 1 2
-0.1333727539 0.1277901679 0.9827925563 0.0046455800
0.9812151790 0.1564958245 0.1128098592 0.0028346151
-0.1393870115 0.9793765545 -0.1462618560 -0.0027911817
0.0000000000 0.0000000000 0.0000000000 1.0000000000
