0 1 2
-0.1296397895 0.1100708619 0.9854332805 0.0025598444
0.9810714126 0.1584141105 0.1113715693 -0.0030687451
-0.1438477784 0.9812183976 -0.1285241097 0.0007527433
0.0000000000 0.0000000000 0.0000000000 1.0000000000
