0 1 2
-0.1347057819 0.1131811067 0.9844005704 0.0021572746
0.9804458022 0.1590571553 0.1158770099 -0.0031154947
-0.1434608996 0.9807605147 -0.1323938519 -0.0010011066
0.0000000000 0.0000000000 0.0000000000 1.0000000000
