0 1 2
-0.1356684417 0.1123697311 0.9843610525 0.0019308105
0.9806482196 0.1567778289 0.1172597408 -0.0035102917
-0.1411496401 0.9812205434 -0.1314650923 -0.0006019883
0.0000000000 0.0000000000 0.0000000000 1.0000000000
