0 1 2
-0.1300932223 0.1142846840 0.9848932897 0.0041256101
0.9818135698 0.1533719913 0.1118894540 -0.0003498167
-0.1382680086 0.9815377522 -0.1321588655 0.0006722258
0.0000000000 0.0000000000 0.0000000000 1.0000000000
