0 1 2
-0.1287762821 0.1068778858 0.9858976603 0.0030333623
0.9814077020 0.1564160436 0.1112333164 -0.0026109368
-0.1423217505 0.9818918109 -0.1250334829 -0.0025501391
0.0000000000 0.0000000000 0.0000000000 1.0000000000
