0 1 2
-0.1218725070 0.1115488186 0.9862577915 0.0016890094
0.9825715423 0.1540750563 0.1039906368 -0.0000913092
-0.1403576136 0.9817420840 -0.1283821613 -0.0039675776
0.0000000000 0.0000000000 0.0000000000 1.0000000000
