0 1 2
-0.1317406893 0.0992205814 0.9863061309 0.0026310429
0.9816097021 0.1517277211 0.1158498526 0.0029061895
-0.1381554157 0.9834296703 -0.1173846126 0.0005932680
0.0000000000 0.0000000000 0.0000000000 1.0000000000
