0 1 2
-0.1328697801 0.1091602445 0.9851039648 0.0011042670
0.9822366238 0.1473771334 0.1161520407 0.0000400014
-0.1325025558 0.9830380678 -0.1268031448 -0.0018136456
0.0000000000 0.0000000000 0.0000000000 1.0000000000
