0 1 2
-0.1280978918 0.1137534976 0.9852164984 -0.0022037402
0.9831630588 0.1450963765 0.1110778898 -0.0016603265
-0.1303157657 0.9828569293 -0.1304246932 -0.0003571128
0.0000000000 0.0000000000 0.0000000000 1.0000000000
