0 1 2
-0.1302262843 0.1145678088 0.9848428369 -0.0014700219
0.9820894599 0.1513202190 0.1122590974 0.0000913907
-0.1361653507 0.9818230271 -0.1322216839 -0.0006782850
0.0000000000 0.0000000000 0.0000000000 1.0000000000
