0 1 2
-0.1351536512 0.1129435077 0.9843663573 -0.0015711664
0.9806215167 0.1574502140 0.1165741608 0.0008467850
-0.1418222040 0.9810467958 -0.1320350170 -0.0006481713
0.0000000000 0.0000000000 0.0000000000 1.0000000000
