0 1 2
-0.1355128384 0.1179086314 0.9837346387 0.0019900025
0.9804360179 0.1590278297 0.1159976786 -0.0006188650
-0.1427638715 0.9802083430 -0.1371521289 -0.0021012876
0.0000000000 0.0000000000 0.0000000000 1.0000000000
