0 1 2
-0.1352096796 0.1149566621 0.9841256142 0.0020056814
0.9804567099 0.1587837189 0.1161580160 -0.0013208324
-0.1429099441 0.9805983305 -0.1341790408 -0.0005762558
0.0000000000 0.0000000000 0.0000000000 1.0000000000
