0 1 2
-0.1333153875 0.1178838570 0.9840379071 -0.0025896291
0.9807495101 0.1586346456 0.1138661234 0.0003333578
-0.1426794078 0.9802748760 -0.1367630338 -0.0010252598
0.0000000000 0.0000000000 0.0000000000 1.0000000000
