0 1 2
-0.1556723118 0.1346548385 0.9785879103 0.0022548466
0.9784088896 0.1573612189 0.1339907356 0.0045711524
-0.1359492212 0.9783177680 -0.1562442533 0.0040311775
0.0000000000 0.0000000000 0.0000000000 1.0000000000
