0 1 2
-0.1376928725 0.1149511999 0.9837823361 0.0043056684
0.9802327884 0.1582837498 0.1187014398 -0.0004893645
-0.1420718859 0.9806798292 -0.1344741280 0.0012145551
0.0000000000 0.0000000000 0.0000000000 1.0000000000
