0 1 2
-0.1307148933 0.1148347035 0.9847472906 0.0049316138
0.9807365537 0.1604030430 0.1114774197 -0.0024324954
-0.1451549828 0.9803487062 -0.1335895509 0.0023116954
0.0000000000 0.0000000000 0.0000000000 1.0000000000
