0 1 2
-0.1316976204 0.1134027631 0.9847818168 0.0044049319
0.9805216135 0.1609324899 0.1125956621 -0.0027689723
-0.1457148007 0.9804285809 -0.1323881391 0.0004793666
0.0000000000 0.0000000000 0.0000000000 1.0000000000
