0 1 2
-0.1176316589 0.1268027425 0.9849281311 -0.0002242223
0.9826498628 0.1580751985 0.0970085338 0.0013892940
-0.1433919966 0.9792510271 -0.1431973875 -0.0038094653
0.0000000000 0.0000000000 0.0000000000 1.0000000000
