0 1 2
-0.1300381124 0.1111470908 0.9852594137 0.0014975965
0.9794172049 0.1691193134 0.1101887003 -0.0025663376
-0.1543790251 0.9793085456 -0.1308512390 0.0013549775
0.0000000000 0.0000000000 0.0000000000 1.0000000000
