0 1 2
-0.1441272795 0.1019764617 0.9842904210 -0.0037087447
0.9775015116 0.1694749892 0.1255749315 -0.0036584451
-0.1540067345 0.9802444577 -0.1241080835 -0.0042858715
0.0000000000 0.0000000000 0.0000000000 1.0000000000
