0 1 2
-0.1161348224 0.1218978390 0.9857246876 -0.0004711837
0.9847851396 0.1433015317 0.0983029082 -0.0008684342
-0.1292730719 0.9821435213 -0.1366855204 -0.0014890906
0.0000000000 0.0000000000 0.0000000000 1.0000000000
