0 1 2
-0.1225399375 0.1193257645 0.9852641225 0.0031013419
0.9831635952 0.1501816213 0.1040902138 0.0001108317
-0.1355478764 0.9814310670 -0.1357200295 0.0010755572
0.0000000000 0.0000000000 0.0000000000 1.0000000000
