0 1 2
-0.1149615347 0.1332453489 0.9843928814 -0.0056863823
0.9852891564 0.1414372325 0.0959214941 0.0032847340
-0.1264488101 0.9809388518 -0.1475450248 -0.0030321036
0.0000000000 0.0000000000 0.0000000000 1.0000000000
