0 1 2
-0.1256112009 0.1153037995 0.9853560925 0.0045233667
0.9817451835 0.1574321836 0.1067286432 -0.0023570806
-0.1428205669 0.9807755947 -0.1329742819 0.0026145726
0.0000000000 0.0000000000 0.0000000000 1.0000000000
