0 1 2
-0.1272559613 0.1175318435 0.9848817587 0.0019505173
0.9826823473 0.1497761011 0.1090981662 0.0007942263
-0.1346893311 0.9817092419 -0.1345563680 0.0013447255
0.0000000000 0.0000000000 0.0000000000 1.0000000000
