0 1 2
-0.1217144057 0.1205853671 0.9852131009 0.0028474182
0.9832231402 0.1505115777 0.1030465886 0.0004028026
-0.1358603239 0.9812266231 -0.1368816942 0.0018519461
0.0000000000 0.0000000000 0.0000000000 1.0000000000
