0 1 2
-0.1322002560 0.1149874628 0.9845305681 0.0006243732
0.9807122946 0.1594329923 0.1130666584 -0.0016910345
-0.1439655274 0.9804890156 -0.1338467300 -0.0031617035
0.0000000000 0.0000000000 0.0000000000 1.0000000000
