0 1 2
-0.1360856870 0.1161006538 0.9838705988 0.0004290140
0.9802137115 0.1598714171 0.1167144676 -0.0007991323
-0.1437421270 0.9802866462 -0.1355596500 -0.0022957013
0.0000000000 0.0000000000 0.0000000000 1.0000000000
