0 1 2
-0.1282828342 0.1132147767 0.9852542534 0.0047807861
0.9831347766 0.1450880884 0.1113349123 0.0012351396
-0.1303439178 0.9829202380 -0.1299177715 -0.0041352050
0.0000000000 0.0000000000 0.0000000000 1.0000000000
