0 1 2
-0.1348899752 0.1141219810 0.9842663407 0.0026531070
0.9802170992 0.1605738848 0.1157170087 -0.0001531108
-0.1448415965 0.9804041982 -0.1335242093 -0.0014252160
0.0000000000 0.0000000000 0.0000000000 1.0000000000
