0 1 2
-0.1390337720 0.1178620124 0.9832486053 -0.0013873007
0.9803826235 0.1564628310 0.1198732137 0.0009656649
-0.1397133761 0.9806264232 -0.1373034993 -0.0033517040
0.0000000000 0.0000000000 0.0000000000 1.0000000000
