0 1 2
-0.1361094562 0.1200013906 0.9825198893 -0.0045288250
0.9778755908 0.1699167185 0.1147130695 -0.0046863568
-0.1533133898 0.9772407205 -0.1405952684 -0.0048088748
0.0000000000 0.0000000000 0.0000000000 1.0000000000
