0 1 2
-0.1406204551 0.1075313985 0.9842066765 -0.0049408376
0.9805254340 0.1527796090 0.1234022900 0.0037937444
-0.1370971799 0.9823927283 -0.1269211769 0.0033546984
0.0000000000 0.0000000000 0.0000000000 1.0000000000
