0 1 2
-0.1451207846 0.1320682317 0.9805598855 -0.0036706626
0.9791985750 0.1612148881 0.1232059225 -0.0049852328
-0.1418093294 0.9780430794 -0.1527167261 0.0024248883
0.0000000000 0.0000000000 0.0000000000 1.0000000000
