0 1 2
-0.1512885243 0.1341772676 0.9793404341 -0.0002188534
0.9788767695 0.1581718922 0.1295461208 -0.0027266853
-0.1375220716 0.9782527089 -0.1552726924 0.0009413138
0.0000000000 0.0000000000 0.0000000000 1.0000000000
