0 1 2
-0.0893857628 0.1925690472 0.9772033691 0.0010649490
0.9911918640 0.1134590134 0.0683067515 -0.0018603030
-0.0977187231 0.9747020602 -0.2010144442 0.0033646678
0.0000000000 0.0000000000 0.0000000000 1.0000000000
