0 1 2
-0.1311852187 0.1228455007 0.9837169051 -0.0027788826
0.9808138013 0.1604232490 0.1107645929 0.0022961264
-0.1442042291 0.9793739319 -0.1415337920 -0.0014305820
0.0000000000 0.0000000000 0.0000000000 1.0000000000
