0 1 2
-0.1363393366 0.1017224789 0.9854261279 0.0003748969
0.9805954695 0.1553030014 0.1196394041 0.0034385051
-0.1408695281 0.9826155305 -0.1209224761 -0.0009576727
0.0000000000 0.0000000000 0.0000000000 1.0000000000
