0 1 2
-0.1357805282 0.1038972065 0.9852759838 0.0016762838
0.9805023670 0.1566800773 0.1186007783 -0.0004172064
-0.1420508474 0.9821693301 -0.1231455058 0.0013773926
0.0000000000 0.0000000000 0.0000000000 1.0000000000
