0 1 2
-0.1383982748 0.0971123576 0.9856038094 0.0020328239
0.9804670215 0.1538609564 0.1225169301 0.0016981624
-0.1397480369 0.9833084941 -0.1165096015 0.0004520901
0.0000000000 0.0000000000 0.0000000000 1.0000000000
