0 1 2
-0.1041172370 0.1466192603 0.9836983085 0.0003498690
0.9903612137 0.1061274856 0.0890043229 -0.0041106059
-0.0913476571 0.9834833741 -0.1562557667 -0.0034622690
0.0000000000 0.0000000000 0.0000000000 1.0000000000
