0 1 2
-0.1320973635 0.1180835292 0.9841783047 -0.0007055216
0.9819039106 0.1515142769 0.1136132628 -0.0009373641
-0.1357012838 0.9813762903 -0.1359613240 -0.0025317892
0.0000000000 0.0000000000 0.0000000000 1.0000000000
