0 1 2
-0.1385405511 0.1214381233 0.9828830957 0.0011782635
0.9810149670 0.1528224796 0.1193956509 -0.0011938059
-0.1357075125 0.9807640910 -0.1403046697 -0.0043540061
0.0000000000 0.0000000000 0.0000000000 1.0000000000
