0 1 2
-0.1311420649 0.1256057322 0.9833744168 0.0009674063
0.9829706550 0.1452757418 0.1125321463 -0.0022016834
-0.1287258714 0.9813858271 -0.1425184608 -0.0030709980
0.0000000000 0.0000000000 0.0000000000 1.0000000000
