0 1 2
-0.1317738593 0.1265464723 0.9831689000 0.0016982671
0.9828194380 0.1459813118 0.1129374057 -0.0003147305
-0.1292327195 0.9811602235 -0.1436089724 -0.0009669493
0.0000000000 0.0000000000 0.0000000000 1.0000000000
