0 1 2
-0.1202494204 0.1355208904 0.9834499955 -0.0000364346
0.9839860201 0.1475666165 0.0999800116 -0.0011100952
-0.1315750033 0.9797234535 -0.1510953307 0.0013100796
0.0000000000 0.0000000000 0.0000000000 1.0000000000
