0 1 2
-0.1252023429 0.1225349233 0.9845353961 0.0040561846
0.9818736911 0.1576322764 0.1052450314 0.0001274747
-0.1422983408 0.9798659682 -0.1400497705 0.0015988098
0.0000000000 0.0000000000 0.0000000000 1.0000000000
