0 1 2
-0.1260977685 0.1253378391 0.9840677977 0.0027359389
0.9827013016 0.1514154524 0.1066372767 -0.0017642509
-0.1356374621 0.9804915786 -0.1422628164 0.0006096493
0.0000000000 0.0000000000 0.0000000000 1.0000000000
