0 1 2
-0.1304456145 0.1224888861 0.9838599563 0.0053026713
0.9817291498 0.1546158642 0.1109137237 -0.0014320742
-0.1385345906 0.9803520441 -0.1404198706 0.0016321782
0.0000000000 0.0000000000 0.0000000000 1.0000000000
