0 1 2
-0.1538609273 0.1239770857 0.9802838265 -0.0017373348
0.9787832868 0.1549864640 0.1340242881 -0.0000970663
-0.1353149041 0.9801065110 -0.1451931514 -0.0035981073
0.0000000000 0.0000000000 0.0000000000 1.0000000000
