0 1 2
-0.1473320574 0.1081098765 0.9831609726 -0.0010183686
0.9811646342 0.1415335238 0.1314697415 -0.0051271799
-0.1249370351 0.9840123653 -0.1269260943 -0.0003165086
0.0000000000 0.0000000000 0.0000000000 1.0000000000
