0 1 2
-0.1402989030 0.1090456769 0.9840856194 0.0044538118
0.9800267220 0.1567724347 0.1223483458 -0.0016293991
-0.1409359276 0.9815962315 -0.1288627237 0.0018609092
0.0000000000 0.0000000000 0.0000000000 1.0000000000
