0 1 2
-0.1203075832 0.1186797526 0.9856168023 0.0007482402
0.9818810662 0.1606449036 0.1005080396 -0.0013068677
-0.1464060417 0.9798507297 -0.1358562246 -0.0048003870
0.0000000000 0.0000000000 0.0000000000 1.0000000000
