0 1 2
0.3384262621 0.4715122283 -0.8143365383 -0.0008041101
-0.7232690454 0.6839406490 0.0954312086 -0.0001846382
0.6019549966 0.5566878915 0.5724934936 -0.0007785194
0.0000000000 0.0000000000 0.0000000000 1.0000000000
