0 1 2
0.3434972167 0.4590189159 -0.8193358183 0.0032556348
-0.7116522193 0.6965015531 0.0918511674 -0.0026406965
0.6128305793 0.5515314937 0.5659079552 0.0023543707
0.0000000000 0.0000000000 0.0000000000 1.0000000000
