0 1 2
0.3400196886 0.4643969591 -0.8177543510 0.0017905310
-0.7213601374 0.6866841695 0.0900238130 -0.0020842696
0.6033459320 0.5592853672 0.5684835797 -0.0005270430
0.0000000000 0.0000000000 0.0000000000 1.0000000000
