0 1 2
-0.1420345604 0.1187597066 0.9827115536 -0.0012683719
0.9790361524 0.1632768065 0.1217715368 -0.0004753657
-0.1459923238 0.9794064164 -0.1394610256 0.0033842027
0.0000000000 0.0000000000 0.0000000000 1.0000000000
