0 1 2
-0.1300966947 0.1172969826 0.9845386416 -0.0003930520
0.9813718762 0.1568098458 0.1109962038 0.0049496662
-0.1413658966 0.9806385984 -0.1355124167 -0.0013326044
0.0000000000 0.0000000000 0.0000000000 1.0000000000
