0 1 2
-0.1402866393 0.1117042229 0.9837894440 0.0017062402
0.9794005156 0.1614079326 0.1213338226 -0.0008241193
-0.1452379227 0.9805455208 -0.1320465803 -0.0012395222
0.0000000000 0.0000000000 0.0000000000 1.0000000000
