0 1 2
-0.1399225518 0.1225245256 0.9825525833 0.0000329794
0.9796482000 0.1613568965 0.1193878333 -0.0008829234
-0.1439139351 0.9792614478 -0.1426089174 -0.0023682401
0.0000000000 0.0000000000 0.0000000000 1.0000000000
