0 1 2
-0.1343650931 0.1156033656 0.9841655773 0.0006793708
0.9805374710 0.1589856325 0.1151947772 -0.0004358787
-0.1431512828 0.9804893832 -0.1347155511 -0.0017169870
0.0000000000 0.0000000000 0.0000000000 1.0000000000
