0 1 2
-0.1314953119 0.1080847979 0.9854068160 0.0010694154
0.9794181585 0.1677169055 0.1123000458 -0.0020559691
-0.1531314105 0.9798918962 -0.1279141605 0.0006134585
0.0000000000 0.0000000000 0.0000000000 1.0000000000
