0 1 2
-0.1322451018 0.1176245623 0.9842133379 0.0022459541
0.9805362434 0.1608950166 0.1125221981 0.0017387250
-0.1451196143 0.9799372755 -0.1366125270 -0.0011625338
0.0000000000 0.0000000000 0.0000000000 1.0000000000
