0 1 2
-0.1312298179 0.1134883463 0.9848345518 0.0024165742
0.9806604385 0.1603683978 0.1121933758 -0.0024076209
-0.1452035904 0.9805114269 -0.1323386431 0.0019891390
0.0000000000 0.0000000000 0.0000000000 1.0000000000
