0 1 2
-0.1513902604 0.1448091598 0.9778095080 -0.0024182416
0.9787292127 0.1605191818 0.1277605540 0.0020990315
-0.1384563662 0.9763524579 -0.1660302210 -0.0018721265
0.0000000000 0.0000000000 0.0000000000 1.0000000000
