0 1 2
-0.1343930501 0.1159922760 0.9850673996 0.0029143604
0.9814642060 0.1591864347 0.1151571673 -0.0013010902
-0.1433178365 0.9813658608 -0.1351093144 0.0012992785
0.0000000000 0.0000000000 0.0000000000 1.0000000000
