0 1 2
-0.1359171732 0.1220457612 0.9831739694 0.0032736222
0.9807246060 0.1571840697 0.1160665574 0.0007561621
-0.1403740708 0.9799987128 -0.1410574122 0.0022761610
0.0000000000 0.0000000000 0.0000000000 1.0000000000
