0 1 2
-0.1384866536 0.1182255223 0.9832825065 0.0018022310
0.9788200855 0.1674911082 0.1177196428 -0.0011856235
-0.1507737041 0.9787591696 -0.1389166713 0.0017697692
0.0000000000 0.0000000000 0.0000000000 1.0000000000
