0 1 2
-0.1347581891 0.1156261369 0.9850143730 0.0030601510
0.9813861736 0.1590682918 0.1155895534 -0.0025248983
-0.1431918181 0.9813818641 -0.1347895701 0.0027013510
0.0000000000 0.0000000000 0.0000000000 1.0000000000
