0 1 2
-0.1336577535 0.1138714775 0.9844638109 0.0037104934
0.9804046750 0.1602487266 0.1145710200 0.0000190176
-0.1447127610 0.9804863930 -0.1330586076 0.0022902377
0.0000000000 0.0000000000 0.0000000000 1.0000000000
