0 1 2
-0.1280648416 0.1151546116 0.9850574713 -0.0006418735
0.9817971789 0.1551903445 0.1094989050 0.0003863478
-0.1402621888 0.9811496377 -0.1329328713 0.0011842236
0.0000000000 0.0000000000 0.0000000000 1.0000000000
