0 1 2
-0.1470567435 0.1268471777 0.9809609056 -0.0012158451
0.9772194624 0.1720620096 0.1242466792 0.0020536685
-0.1530259103 0.9768856764 -0.1492605060 0.0003909823
0.0000000000 0.0000000000 0.0000000000 1.0000000000
