0 1 2
-0.1216623187 0.1284778565 0.9842209816 0.0037111342
0.9805752039 0.1692561805 0.0991173312 -0.0002227351
-0.1538512707 0.9771621227 -0.1465743780 0.0042056534
0.0000000000 0.0000000000 0.0000000000 1.0000000000
