0 1 2
-0.1563111544 0.1429658830 0.9773065448 -0.0041420627
0.9778304696 0.1619843990 0.1326990873 0.0018519129
-0.1393367201 0.9763820171 -0.1651164591 -0.0034968175
0.0000000000 0.0000000000 0.0000000000 1.0000000000
