0 1 2
-0.1200672955 0.0946772320 0.9882408888 0.0036657256
0.9838834885 0.1442083411 0.1057221551 -0.0020610572
-0.1325031018 0.9850076326 -0.1104660487 -0.0017887145
0.0000000000 0.0000000000 0.0000000000 1.0000000000
