0 1 2
-0.1363302916 0.1141144186 0.9840688109 0.0025105262
0.9804651141 0.1577073038 0.1175429448 -0.0003565525
-0.1417815685 0.9808699489 -0.1333854645 -0.0013123393
0.0000000000 0.0000000000 0.0000000000 1.0000000000
