0 1 2
-0.1460709466 0.1183943731 0.9821641097 0.0034613927
0.9796988952 0.1551111271 0.1270065790 -0.0045966868
-0.1373076358 0.9807773110 -0.1386485541 -0.0018934704
0.0000000000 0.0000000000 0.0000000000 1.0000000000
