0 1 2
-0.1322128833 0.1145293416 0.9845826705 0.0014792109
0.9809372252 0.1578320498 0.1133640004 -0.0008401031
-0.1424151207 0.9808019860 -0.1332136665 -0.0014890407
0.0000000000 0.0000000000 0.0000000000 1.0000000000
