0 1 2
-0.1384058446 0.1138703898 0.9838076830 0.0028238371
0.9797603488 0.1607960165 0.1192252263 -0.0019051284
-0.1446162462 0.9803970456 -0.1338207871 -0.0015253499
0.0000000000 0.0000000000 0.0000000000 1.0000000000
