0 1 2
-0.1375404398 0.1140556903 0.9839071635 -0.0001790985
0.9798580480 0.1608596386 0.1183274000 -0.0030031289
-0.1447749932 0.9803645775 -0.1338832228 -0.0018976070
0.0000000000 0.0000000000 0.0000000000 1.0000000000
