0 1 2
-0.1283924437 0.1323793107 0.9828487099 -0.0033344711
0.9819430657 0.1558113257 0.1072878631 -0.0023819541
-0.1389361483 0.9788764144 -0.1499941928 0.0002922344
0.0000000000 0.0000000000 0.0000000000 1.0000000000
