0 1 2
-0.1490453631 0.1167063639 0.9819187522 -0.0012560487
0.9778237343 0.1651434600 0.1287955195 -0.0007247683
-0.1471262574 0.9793401957 -0.1387321204 0.0010724571
0.0000000000 0.0000000000 0.0000000000 1.0000000000
