0 1 2
-0.1458202600 0.1109981388 0.9830645323 -0.0032151970
0.9781970978 0.1647064239 0.1265010387 0.0002007068
-0.1478756368 0.9800773263 -0.1325955242 0.0001711441
0.0000000000 0.0000000000 0.0000000000 1.0000000000
