0 1 2
-0.1432353258 0.1127535626 0.9832449555 -0.0032209530
0.9788885713 0.1625104100 0.1239648163 -0.0012476388
-0.1458099782 0.9802431464 -0.1336503476 0.0007092282
0.0000000000 0.0000000000 0.0000000000 1.0000000000
