0 1 2
-0.1437379025 0.1232193983 0.9819142876 -0.0019613993
0.9797740621 0.1573016640 0.1236848305 0.0001371726
-0.1392163354 0.9798329382 -0.1433376126 0.0016996867
0.0000000000 0.0000000000 0.0000000000 1.0000000000
