0 1 2
-0.1538061262 0.1093149461 0.9820355906 0.0029284348
0.9771701843 0.1642499974 0.1347607270 0.0029137095
-0.1465679880 0.9803428706 -0.1320819307 -0.0006686904
0.0000000000 0.0000000000 0.0000000000 1.0000000000
