0 1 2
-0.1421390176 0.1025613695 0.9845187664 -0.0019565076
0.9797580838 0.1562187970 0.1251776516 0.0029544104
-0.1409619153 0.9823834896 -0.1226902008 0.0027806014
0.0000000000 0.0000000000 0.0000000000 1.0000000000
