0 1 2
0.3483129740 0.4695389569 -0.8113019466 -0.0016376013
-0.7156867385 0.6921581626 0.0933221281 -0.0002207341
0.6053680778 0.5481329560 0.5771304965 -0.0013301823
0.0000000000 0.0000000000 0.0000000000 1.0000000000
