0 1 2
0.3389742722 0.4688765155 -0.8143157063 -0.0001208827
-0.7218483834 0.6841503455 0.0934453297 -0.0000746381
0.6015730776 0.5567332678 0.5709787337 -0.0002555433
0.0000000000 0.0000000000 0.0000000000 1.0000000000
