0 1 2
0.3375548720 0.4739333391 -0.8132919073 0.0043470599
-0.7233507633 0.6834818125 0.0980635881 0.0008532635
0.6023458242 0.5551932454 0.5735324621 0.0023864894
0.0000000000 0.0000000000 0.0000000000 1.0000000000
