0 1 2
0.3292075659 0.4685647242 -0.8197984402 0.0012015269
-0.7320118279 0.6750666434 0.0918863999 -0.0016203071
0.5964732959 0.5698523697 0.5652321488 0.0010718221
0.0000000000 0.0000000000 0.0000000000 1.0000000000
