0 1 2
-0.1371037364 0.1218975037 0.9830276966 -0.0053346744
0.9802718759 0.1593334228 0.1169617921 0.0012612923
-0.1423718929 0.9796701670 -0.1413378865 -0.0046303705
0.0000000000 0.0000000000 0.0000000000 1.0000000000
