0 1 2
-0.1500332654 0.1258617640 0.9806372523 0.0021953541
0.9788299799 0.1585751921 0.1294041276 0.0024246078
-0.1392176598 0.9792916775 -0.1469887197 -0.0056790127
0.0000000000 0.0000000000 0.0000000000 1.0000000000
