0 1 2
-0.1380233914 0.1159780249 0.9836146832 0.0002061074
0.9799432755 0.1601178199 0.1186287925 0.0017168610
-0.1437359303 0.9802603722 -0.1357519925 -0.0019467247
0.0000000000 0.0000000000 0.0000000000 1.0000000000
