0 1 2
-0.1339539346 0.1201207014 0.9836805542 -0.0005985895
0.9808013839 0.1580263402 0.1142647146 0.0003144742
-0.1417216834 0.9801018750 -0.1389829900 -0.0036211749
0.0000000000 0.0000000000 0.0000000000 1.0000000000
