0 1 2
-0.1290265024 0.1120012701 0.9852958918 0.0013458431
0.9807655811 0.1611629725 0.1101134047 -0.0010029338
-0.1464601904 0.9805518389 -0.1306411773 -0.0011851788
0.0000000000 0.0000000000 0.0000000000 1.0000000000
