0 1 2
-0.1303805431 0.1110855504 0.9852208140 -0.0001008795
0.9809447549 0.1588230250 0.1119068829 -0.0021609868
-0.1440445926 0.9810377552 -0.1296762343 -0.0001151807
0.0000000000 0.0000000000 0.0000000000 1.0000000000
