0 1 2
-0.0999191329 0.1067673564 0.9892509580 -0.0040341541
0.9862069488 0.1424803436 0.0842341334 0.0024741129
-0.1319553852 0.9840225577 -0.1195311844 -0.0042087454
0.0000000000 0.0000000000 0.0000000000 1.0000000000
