0 1 2
-0.1080696508 0.1041948199 0.9886679053 -0.0017838255
0.9854064584 0.1427854151 0.0926651508 0.0006620288
-0.1315121055 0.9842538834 -0.1181049943 -0.0043021124
0.0000000000 0.0000000000 0.0000000000 1.0000000000
