0 1 2
-0.1323201468 0.1479605029 0.9801013585 0.0045196046
0.9821331320 0.1530565275 0.1094884935 -0.0039211677
-0.1338109124 0.9770777390 -0.1655695590 0.0037062992
0.0000000000 0.0000000000 0.0000000000 1.0000000000
