0 1 2
-0.1341637164 0.1155659062 0.9841974490 0.0002642248
0.9806426700 0.1584209974 0.1150771108 0.0003083273
-0.1426185509 0.9805851870 -0.1345832086 0.0003416257
0.0000000000 0.0000000000 0.0000000000 1.0000000000
