0 1 2
-0.1382743418 0.1053353250 0.9847762585 0.0029234316
0.9804971814 0.1547752619 0.1211183071 0.0002995193
-0.1396609843 0.9823178649 -0.1246824786 0.0000615700
0.0000000000 0.0000000000 0.0000000000 1.0000000000
