0 1 2
-0.1391113400 0.1116790548 0.9839595556 0.0035357061
0.9796503186 0.1606925726 0.1202635840 -0.0012574618
-0.1446842402 0.9806659818 -0.1317605227 -0.0033564251
0.0000000000 0.0000000000 0.0000000000 1.0000000000
