0 1 2
-0.1306443959 0.1200599149 0.9841328859 0.0027696108
0.9820628166 0.1517948657 0.1118513569 -0.0000985392
-0.1359575093 0.9810932279 -0.1377375871 -0.0023086797
0.0000000000 0.0000000000 0.0000000000 1.0000000000
