0 1 2
-0.1327130198 0.1262728274 0.9830780625 0.0025949441
0.9819714427 0.1514537036 0.1131099910 -0.0023295083
-0.1346080452 0.9803656936 -0.1440961510 -0.0036050868
0.0000000000 0.0000000000 0.0000000000 1.0000000000
