0 1 2
-0.1335193515 0.1165118366 0.9841733575 0.0023255199
0.9812669158 0.1547071487 0.1148099229 -0.0026803017
-0.1388820559 0.9810661674 -0.1349856555 -0.0021277349
0.0000000000 0.0000000000 0.0000000000 1.0000000000
