0 1 2
-0.1410243213 0.1133859828 0.9834918380 0.0043600984
0.9796359539 0.1593947113 0.1220949516 -0.0026111528
-0.1429195851 0.9806818366 -0.1335555166 -0.0035972763
0.0000000000 0.0000000000 0.0000000000 1.0000000000
