0 1 2
-0.1418913156 0.1146126240 0.9832247496 0.0039537698
0.9792109132 0.1617043614 0.1224626601 -0.0032554492
-0.1449558139 0.9801608324 -0.1351742744 -0.0023394842
0.0000000000 0.0000000000 0.0000000000 1.0000000000
