0 1 2
-0.1381663700 0.1161259820 0.9835777707 0.0034994196
0.9807988615 0.1540532695 0.1195878422 0.0013817005
-0.1376360747 0.9812148543 -0.1351815169 -0.0000151846
0.0000000000 0.0000000000 0.0000000000 1.0000000000
