0 1 2
-0.1272640526 0.1140201762 0.9852934480 0.0018882316
0.9820092916 0.1542007178 0.1089953855 0.0009163665
-0.1395053566 0.9814385772 -0.1315931231 0.0012024731
0.0000000000 0.0000000000 0.0000000000 1.0000000000
