0 1 2
-0.1737826020 0.1117872149 0.9784186482 0.0029083022
0.9770472646 0.1438662112 0.1571018398 -0.0038009719
-0.1231993660 0.9832628369 -0.1342228800 0.0025521563
0.0000000000 0.0000000000 0.0000000000 1.0000000000
