0 1 2
-0.1287142634 0.1135864258 0.9851554036 0.0037843657
0.9806619287 0.1622649580 0.1094181836 -0.0043666484
-0.1474275142 0.9801878929 -0.1322757602 0.0026085970
0.0000000000 0.0000000000 0.0000000000 1.0000000000
