0 1 2
-0.1607157588 0.1072179005 0.9811599851 0.0021499465
0.9782780409 0.1491717994 0.1439428478 -0.0012313714
-0.1309280396 0.9829812646 -0.1288631856 0.0001013343
0.0000000000 0.0000000000 0.0000000000 1.0000000000
