0 1 2
-0.1624577343 0.1148264483 0.9800114632 -0.0029610924
0.9792649746 0.1405847073 0.1458619237 0.0009529244
-0.1210258305 0.9833874702 -0.1352845430 -0.0002603233
0.0000000000 0.0000000000 0.0000000000 1.0000000000
