0 1 2
-0.1316831559 0.1157533973 0.9845105410 0.0026093870
0.9801523685 0.1636752933 0.1118560508 -0.0033272579
-0.1481923908 0.9796997309 -0.1350091696 0.0027924888
0.0000000000 0.0000000000 0.0000000000 1.0000000000
