0 1 2
-0.1330218464 0.1146514639 0.9844592214 0.0034161657
0.9801464081 0.1625743657 0.1135052368 -0.0034545623
-0.1470344067 0.9800125360 -0.1340011656 0.0030598231
0.0000000000 0.0000000000 0.0000000000 1.0000000000
