0 1 2
-0.1371353418 0.1223568327 0.9829661100 0.0003297498
0.9811045955 0.1535059709 0.1177677770 -0.0031473752
-0.1364816114 0.9805428699 -0.1410959630 0.0027614918
0.0000000000 0.0000000000 0.0000000000 1.0000000000
