0 1 2
0.3390350342 0.4673135579 -0.8165009618 -0.0009248225
-0.7257635593 0.6821546555 0.0890638530 0.0009133324
0.5986004472 0.5623908043 0.5704334378 -0.0014975544
0.0000000000 0.0000000000 0.0000000000 1.0000000000
