0 1 2
0.3400087144 0.4685705570 -0.8153745809 0.0000115692
-0.7223433622 0.6853055208 0.0926089105 -0.0000423551
0.6021745106 0.5574925796 0.5714786807 0.0000023709
0.0000000000 0.0000000000 0.0000000000 1.0000000000
