0 1 2
0.3445570469 0.4693031907 -0.8130404949 -0.0029421318
-0.7268598080 0.6814655066 0.0853205621 0.0009758772
0.5941002369 0.5615687370 0.5759212971 0.0019715540
0.0000000000 0.0000000000 0.0000000000 1.0000000000
