0 1 2
0.3327657736 0.4802031063 -0.8115858185 -0.0033338876
-0.7245763244 0.6810161527 0.1058567996 0.0016873424
0.6035361000 0.5528304119 0.5745629097 0.0006738938
0.0000000000 0.0000000000 0.0000000000 1.0000000000
