0 1 2
-0.1352370381 0.1162808388 0.9839663506 0.0010567086
0.9805619717 0.1581944674 0.1160744056 0.0003960713
-0.1421606988 0.9805371761 -0.1354144514 -0.0002483377
0.0000000000 0.0000000000 0.0000000000 1.0000000000
