0 1 2
-0.1362830694 0.1205675698 0.9833054462 -0.0042271358
0.9805391091 0.1580001917 0.1165264783 -0.0016143466
-0.1413130469 0.9800501385 -0.1397539442 0.0030607276
0.0000000000 0.0000000000 0.0000000000 1.0000000000
