0 1 2
-0.1608181491 0.1173718289 0.9791181604 0.0002398238
0.9733576305 0.1780315461 0.1385304551 -0.0028039622
-0.1581879936 0.9761350407 -0.1429962807 -0.0025191710
0.0000000000 0.0000000000 0.0000000000 1.0000000000
