0 1 2
-0.1451646835 0.1078869328 0.9835081100 0.0019961998
0.9786911607 0.1615653634 0.1267306805 0.0003066365
-0.1452280730 0.9809473753 -0.1290415972 -0.0028030064
0.0000000000 0.0000000000 0.0000000000 1.0000000000
