0 1 2
-0.1418308914 0.1137027740 0.9833387733 0.0017490722
0.9801518917 0.1551329494 0.1234334260 -0.0018188953
-0.1385134459 0.9813284278 -0.1334486306 0.0021468699
0.0000000000 0.0000000000 0.0000000000 1.0000000000
