0 1 2
-0.1404901035 0.1110082381 0.9838393686 0.0003833830
0.9804422673 0.1539244250 0.1226375885 0.0011315029
-0.1378232154 0.9818271563 -0.1304620512 -0.0015335070
0.0000000000 0.0000000000 0.0000000000 1.0000000000
