0 1 2
-0.1349056412 0.1158356561 0.9838671546 0.0007432557
0.9802468274 0.1592169899 0.1156638086 -0.0001447277
-0.1432781717 0.9802265350 -0.1350530067 -0.0016028689
0.0000000000 0.0000000000 0.0000000000 1.0000000000
