0 1 2
-0.1410821058 0.0943796368 0.9854887265 0.0009269390
0.9763431530 0.1780242522 0.1227235947 0.0021232179
-0.1638584656 0.9794892648 -0.1172629790 -0.0007276081
0.0000000000 0.0000000000 0.0000000000 1.0000000000
