0 1 2
0.3424739540 0.4729079306 -0.8118309975 -0.0002980890
-0.7231253386 0.6843461394 0.0935924202 -0.0034404080
0.5998339653 0.5550026298 0.5763427019 0.0004635635
0.0000000000 0.0000000000 0.0000000000 1.0000000000
