0 1 2
0.3523069929 0.4776565966 -0.8048140407 -0.0016048624
-0.7210246486 0.6867783164 0.0919753364 -0.0009456431
0.5966601605 0.5478872742 0.5863613618 -0.0012183395
0.0000000000 0.0000000000 0.0000000000 1.0000000000
