0 1 2
0.3392967561 0.4687744928 -0.8144318296 0.0032732355
-0.7217098513 0.6845387001 0.0933417234 -0.0016791232
0.6018169328 0.5566221894 0.5711034377 0.0010512439
0.0000000000 0.0000000000 0.0000000000 1.0000000000
