0 1 2
0.3351765275 0.4581001103 -0.8232865930 0.0039010257
-0.7191601396 0.6889191866 0.0905497372 -0.0000026079
0.6086586118 0.5617246032 0.5603568554 0.0031726547
0.0000000000 0.0000000000 0.0000000000 1.0000000000
