0 1 2
0.3399673428 0.4715177696 -0.8136907457 0.0023139397
-0.7226166364 0.6847086949 0.0948598148 -0.0006106456
0.6018694165 0.5557374406 0.5735056023 0.0013667888
0.0000000000 0.0000000000 0.0000000000 1.0000000000
