0 1 2
-0.1308761686 0.1130730137 0.9849293232 -0.0014640391
0.9796640873 0.1671543419 0.1109866574 -0.0027991226
-0.1520856917 0.9794253707 -0.1326499134 0.0000375696
0.0000000000 0.0000000000 0.0000000000 1.0000000000
