0 1 2
-0.1429843754 0.1158360615 0.9829226732 0.0019860629
0.9791383147 0.1614237428 0.1234102994 -0.0017270010
-0.1443716586 0.9800635576 -0.1365006119 0.0030776039
0.0000000000 0.0000000000 0.0000000000 1.0000000000
