0 1 2
-0.1279903773 0.1168061386 0.9848730385 -0.0005338718
0.9808746608 0.1617367857 0.1082886621 -0.0013491693
-0.1466424557 0.9798977871 -0.1352728474 0.0021041129
0.0000000000 0.0000000000 0.0000000000 1.0000000000
