0 1 2
-0.1351977696 0.1146572848 0.9841622174 0.0005327181
0.9806427521 0.1574746165 0.1163681138 -0.0001782560
-0.1416381158 0.9808442548 -0.1337280522 0.0014488089
0.0000000000 0.0000000000 0.0000000000 1.0000000000
