0 1 2
-0.1384498924 0.1292430162 0.9819002748 -0.0004755261
0.9780392051 0.1738036275 0.1150285602 0.0006502175
-0.1557911783 0.9762625098 -0.1504678130 0.0029096615
0.0000000000 0.0000000000 0.0000000000 1.0000000000
