0 1 2
-0.1310570091 0.1251275241 0.9834467173 0.0024973894
0.9818855524 0.1533073336 0.1113432273 0.0019480422
-0.1368375421 0.9802246094 -0.1429529190 0.0011285491
0.0000000000 0.0000000000 0.0000000000 1.0000000000
