0 1 2
-0.1340110749 0.1198355779 0.9837074876 0.0036526583
0.9820882678 0.1487364024 0.1156714112 0.0012600127
-0.1324515790 0.9815888405 -0.1376216263 0.0005626335
0.0000000000 0.0000000000 0.0000000000 1.0000000000
