0 1 2
-0.1278991401 0.1184531525 0.9846879244 0.0013132307
0.9816426635 0.1567586064 0.1086463034 0.0036624067
-0.1414889544 0.9805079103 -0.1363280863 0.0027892715
0.0000000000 0.0000000000 0.0000000000 1.0000000000
