0 1 2
-0.1412933022 0.1267037541 0.9818262458 0.0008662807
0.9775000215 0.1747625619 0.1181179211 0.0009133805
-0.1566203982 0.9764242172 -0.1485456675 0.0001141126
0.0000000000 0.0000000000 0.0000000000 1.0000000000
