0 1 2
-0.1352642328 0.1237798631 0.9830473661 0.0003883285
0.9791395068 0.1685294211 0.1135062650 0.0012379340
-0.1516225636 0.9778938293 -0.1439936608 0.0013285740
0.0000000000 0.0000000000 0.0000000000 1.0000000000
