0 1 2
-0.1338949203 0.1184662133 0.9838891029 0.0001264603
0.9802136421 0.1618858427 0.1139027402 0.0019117349
-0.1457841545 0.9796729088 -0.1377979815 0.0019543043
0.0000000000 0.0000000000 0.0000000000 1.0000000000
