0 1 2
-0.1312489659 0.1236998960 0.9836012721 0.0022293199
0.9815704226 0.1552325487 0.1114555225 0.0022025742
-0.1388999671 0.9801027179 -0.1417942792 0.0012447683
0.0000000000 0.0000000000 0.0000000000 1.0000000000
