0 1 2
-0.1333121210 0.1259323657 0.9830406308 0.0002629897
0.9812868237 0.1558265239 0.1131121814 0.0031764843
-0.1389393061 0.9797240496 -0.1443493515 0.0018907207
0.0000000000 0.0000000000 0.0000000000 1.0000000000
