0 1 2
-0.1278888081 0.1143377829 0.9851757286 0.0015019966
0.9810265210 0.1605196845 0.1087205050 -0.0009212723
-0.1457091848 0.9803877479 -0.1326970106 0.0046879302
0.0000000000 0.0000000000 0.0000000000 1.0000000000
