0 1 2
-0.1345608456 0.0828224301 0.9874380171 0.0009488300
0.9805025725 0.1551443862 0.1206027870 0.0009225409
-0.1432067930 0.9844138744 -0.1020839314 -0.0024418431
0.0000000000 0.0000000000 0.0000000000 1.0000000000
