0 1 2
-0.1385631263 0.1198047101 0.9830800891 -0.0007050367
0.9800915122 0.1591189653 0.1187506765 0.0045217327
-0.1421999186 0.9799630046 -0.1394676864 -0.0029616659
0.0000000000 0.0000000000 0.0000000000 1.0000000000
