0 1 2
-0.1358636469 0.1009445861 0.9855715632 0.0004890002
0.9794362187 0.1634468883 0.1182772368 -0.0043516569
-0.1491492689 0.9813740849 -0.1210752428 0.0002462491
0.0000000000 0.0000000000 0.0000000000 1.0000000000
