0 1 2
-0.1346818654 0.1186295747 0.9837618703 -0.0025262809
0.9803796688 0.1601635835 0.1149051263 0.0038389494
-0.1439316943 0.9799359656 -0.1378731386 -0.0043638406
0.0000000000 0.0000000000 0.0000000000 1.0000000000
