0 1 2
-0.1358030140 0.1210770309 0.9833099842 0.0020101531
0.9805430770 0.1584303826 0.1159131601 0.0006723655
-0.1417514384 0.9799185991 -0.1402365118 0.0008701122
0.0000000000 0.0000000000 0.0000000000 1.0000000000
