0 1 2
-0.1359503440 0.1089885781 0.9847025016 0.0007784293
0.9806788277 0.1559257756 0.1181366525 -0.0003444295
-0.1406651175 0.9817376834 -0.1280809210 -0.0014444122
0.0000000000 0.0000000000 0.0000000000 1.0000000000
