0 1 2
-0.1339430213 0.1189497933 0.9838241339 -0.0003005564
0.9806757569 0.1587651223 0.1143187732 -0.0011405330
-0.1425988376 0.9801249504 -0.1379166096 0.0001141829
0.0000000000 0.0000000000 0.0000000000 1.0000000000
