0 1 2
-0.1346912384 0.1121899188 0.9845159650 -0.0017572670
0.9808354378 0.1562587172 0.1163815111 -0.0007839543
-0.1407823563 0.9813239574 -0.1310865581 -0.0015072100
0.0000000000 0.0000000000 0.0000000000 1.0000000000
