0 1 2
-0.1379742771 0.1110605597 0.9841893315 -0.0003067476
0.9800153375 0.1590733379 0.1194384322 0.0027165834
-0.1432934254 0.9810000658 -0.1307891160 -0.0026550589
0.0000000000 0.0000000000 0.0000000000 1.0000000000
