0 1 2
-0.1335460395 0.1077384055 0.9851689339 0.0045229443
0.9809312820 0.1560081393 0.1159105152 -0.0014242547
-0.1412061751 0.9818625450 -0.1265182942 -0.0020042004
0.0000000000 0.0000000000 0.0000000000 1.0000000000
