0 1 2
-0.1319008619 0.1134276092 0.9847519398 -0.0021227002
0.9816499352 0.1529637724 0.1138663739 -0.0013389997
-0.1377158016 0.9817007184 -0.1315222532 -0.0016103787
0.0000000000 0.0000000000 0.0000000000 1.0000000000
