0 1 2
-0.1321741790 0.1136991158 0.9846840501 -0.0020400211
0.9814330339 0.1543075889 0.1139201373 -0.0013153572
-0.1389915645 0.9814589024 -0.1319835484 -0.0017210376
0.0000000000 0.0000000000 0.0000000000 1.0000000000
