0 1 2
-0.1449487656 0.1223567054 0.9818442464 -0.0041614301
0.9776244164 0.1706037372 0.1230652556 -0.0036469025
-0.1524484009 0.9777131081 -0.1443475932 0.0002292528
0.0000000000 0.0000000000 0.0000000000 1.0000000000
