0 1 2
-0.1448123753 0.1190130562 0.9822754264 -0.0008961670
0.9772617221 0.1726009101 0.1231608689 -0.0040696636
-0.1548838913 0.9777755141 -0.1413016766 0.0026639802
0.0000000000 0.0000000000 0.0000000000 1.0000000000
