0 1 2
-0.1408744007 0.1288142651 0.9816116095 0.0011281437
0.9804721475 0.1555740535 0.1202952936 -0.0007398546
-0.1372175515 0.9793893099 -0.1482152045 -0.0032506145
0.0000000000 0.0000000000 0.0000000000 1.0000000000
