0 1 2
-0.1424089521 0.1238074824 0.9820340872 -0.0006690493
0.9799041748 0.1576348692 0.1222266629 -0.0012239151
-0.1396701634 0.9797053337 -0.1437679231 -0.0009563461
0.0000000000 0.0000000000 0.0000000000 1.0000000000
