0 1 2
-0.1424383223 0.1138149351 0.9832379818 -0.0040917583
0.9778584242 0.1700438112 0.1219754219 -0.0023867898
-0.1533109546 0.9788415432 -0.1355156153 -0.0009325109
0.0000000000 0.0000000000 0.0000000000 1.0000000000
