0 1 2
-0.1418504268 0.1228738055 0.9822323918 -0.0046472028
0.9783802032 0.1682638675 0.1202449650 -0.0026063137
-0.1504993141 0.9780539870 -0.1440855563 -0.0012575109
0.0000000000 0.0000000000 0.0000000000 1.0000000000
