0 1 2
-0.1370623410 0.1226305291 0.9829421043 0.0000744926
0.9804314971 0.1583526880 0.1169563234 -0.0008097317
-0.1413091272 0.9797377586 -0.1419351846 0.0018457981
0.0000000000 0.0000000000 0.0000000000 1.0000000000
