0 1 2
-0.1356451362 0.1148685323 0.9840760264 0.0006860177
0.9800227364 0.1613738368 0.1162496861 0.0035237635
-0.1454508825 0.9801857288 -0.1344633733 0.0027319239
0.0000000000 0.0000000000 0.0000000000 1.0000000000
