0 1 2
-0.1330772672 0.1169541339 0.9841810287 0.0002298401
0.9806252598 0.1595672162 0.1136343416 -0.0020198346
-0.1437542552 0.9802360304 -0.1359228085 0.0010923209
0.0000000000 0.0000000000 0.0000000000 1.0000000000
