0 1 2
-0.1284420490 0.1153592765 0.9849848151 0.0009922888
0.9814692140 0.1572008431 0.1095725745 0.0028049406
-0.1422003061 0.9808059335 -0.1334127486 0.0035172617
0.0000000000 0.0000000000 0.0000000000 1.0000000000
