0 1 2
-0.1341179654 0.1135696586 0.9844362183 -0.0001472144
0.9803855107 0.1599812332 0.1151098529 -0.0039074631
-0.1444183620 0.9805651470 -0.1327984085 0.0015150919
0.0000000000 0.0000000000 0.0000000000 1.0000000000
