0 1 2
-0.1344317049 0.1138821170 0.9843573570 0.0010493887
0.9803359509 0.1601064801 0.1153593585 -0.0005959242
-0.1444647908 0.9805086851 -0.1331658661 -0.0002044711
0.0000000000 0.0000000000 0.0000000000 1.0000000000
