0 1 2
-0.0950810134 0.0859199568 0.9917550142 0.0048772221
0.9847283007 0.1540773646 0.0810586459 0.0020742384
-0.1458428878 0.9843163974 -0.0992569397 -0.0041698683
0.0000000000 0.0000000000 0.0000000000 1.0000000000
