0 1 2
-0.1285306246 0.1118528318 0.9853782831 0.0019655462
0.9809820361 0.1600671847 0.1097867743 0.0010455329
-0.1454479446 0.9807495632 -0.1302974639 -0.0012581583
0.0000000000 0.0000000000 0.0000000000 1.0000000000
