0 1 2
-0.1351134652 0.1157219287 0.9850344833 -0.0000609122
0.9813518856 0.1595769391 0.1158612258 -0.0000335112
-0.1436418277 0.9813683214 -0.1349940355 0.0001731932
0.0000000000 0.0000000000 0.0000000000 1.0000000000
