0 1 2
-0.1362872720 0.1236289293 0.9829251170 -0.0029861685
0.9799714684 0.1622397751 0.1154717952 0.0001004451
-0.1451938748 0.9789763093 -0.1432641149 0.0025186483
0.0000000000 0.0000000000 0.0000000000 1.0000000000
