0 1 2
-0.1407692170 0.1297677096 0.9815007172 -0.0020094174
0.9794494495 0.1628875534 0.1189389159 0.0002461280
-0.1444398315 0.9780735771 -0.1500303285 0.0033916299
0.0000000000 0.0000000000 0.0000000000 1.0000000000
