0 1 2
-0.0939370841 0.1121545732 0.9892409444 -0.0032753274
0.9841840267 0.1603613347 0.0752760097 0.0035982919
-0.1501935422 0.9806661606 -0.1254446059 0.0006884336
0.0000000000 0.0000000000 0.0000000000 1.0000000000
