0 1 2
-0.0707251653 0.0822523609 0.9940989614 -0.0044843955
0.9825837612 0.1774227321 0.0552258417 0.0038040243
-0.1718331277 0.9806919098 -0.0933681205 -0.0017737130
0.0000000000 0.0000000000 0.0000000000 1.0000000000
