0 1 2
-0.1366540790 0.1287243813 0.9822198749 0.0006364044
0.9813315272 0.1530427039 0.1164735183 -0.0006062160
-0.1353286952 0.9797998071 -0.1472351551 -0.0017542477
0.0000000000 0.0000000000 0.0000000000 1.0000000000
