0 1 2
-0.1293428987 0.1323233694 0.9827314615 -0.0021985364
0.9830744863 0.1467910409 0.1096229181 -0.0023655419
-0.1297504753 0.9802768826 -0.1490700990 -0.0045736521
0.0000000000 0.0000000000 0.0000000000 1.0000000000
