0 1 2
-0.1374950260 0.1213833615 0.9830366969 0.0037077016
0.9810555577 0.1534308046 0.1182724833 0.0007688691
-0.1364717335 0.9806757569 -0.1401798725 -0.0024604145
0.0000000000 0.0000000000 0.0000000000 1.0000000000
