0 1 2
-0.1293759048 0.1161302030 0.9847719073 0.0001028028
0.9812586904 0.1580175459 0.1102799550 0.0000425810
-0.1428043395 0.9805835485 -0.1343973726 -0.0026684229
0.0000000000 0.0000000000 0.0000000000 1.0000000000
