0 1 2
-0.1363806335 0.1157450425 0.9838716589 0.0019392328
0.9805405162 0.1573389850 0.1174091778 -0.0019087967
-0.1412115384 0.9807387254 -0.1349507126 -0.0018051837
0.0000000000 0.0000000000 0.0000000000 1.0000000000
