0 1 2
-0.1347999462 0.1154621598 0.9844901118 0.0009878915
0.9808374309 0.1590853793 0.1156420872 -0.0005801475
-0.1432139126 0.9808586279 -0.1346456219 -0.0020443675
0.0000000000 0.0000000000 0.0000000000 1.0000000000
