0 1 2
-0.1324409693 0.1152257025 0.9844701290 0.0031518526
0.9807137847 0.1592648029 0.1132947206 -0.0004681600
-0.1437369883 0.9804883003 -0.1340965480 -0.0007347576
0.0000000000 0.0000000000 0.0000000000 1.0000000000
