0 1 2
-0.1386528885 0.1127396747 0.9839031357 0.0015119830
0.9800719799 0.1583222101 0.1199720393 -0.0026141679
-0.1422480561 0.9809300539 -0.1324447840 -0.0004596805
0.0000000000 0.0000000000 0.0000000000 1.0000000000
