0 1 2
-0.1257941408 0.1253622099 0.9841037336 0.0023603039
0.9797976171 0.1711634525 0.1034396635 0.0053323785
-0.1554753521 0.9772347470 -0.1443609786 -0.0003595752
0.0000000000 0.0000000000 0.0000000000 1.0000000000
