0 1 2
-0.1293542385 0.1205963716 0.9842377305 0.0038378388
0.9813873768 0.1576451957 0.1096638143 0.0033557154
-0.1419352889 0.9801042080 -0.1387438476 0.0025894970
0.0000000000 0.0000000000 0.0000000000 1.0000000000
