0 1 2
-0.1307873726 0.1255521476 0.9834282994 0.0021382023
0.9789501429 0.1731280237 0.1080888808 0.0004637292
-0.1566882730 0.9768640995 -0.1455522478 0.0032077427
0.0000000000 0.0000000000 0.0000000000 1.0000000000
