0 1 2
-0.1332154125 0.1296376139 0.9825721383 0.0029520835
0.9791808724 0.1704279929 0.1102697253 0.0013252717
-0.1531625390 0.9768052101 -0.1496423036 0.0003377795
0.0000000000 0.0000000000 0.0000000000 1.0000000000
