0 1 2
-0.1382506341 0.1178673133 0.9833588004 0.0012371072
0.9792871475 0.1645723879 0.1179522648 0.0007699407
-0.1479309052 0.9792973995 -0.1381781846 0.0006700013
0.0000000000 0.0000000000 0.0000000000 1.0000000000
