0 1 2
-0.1389119029 0.1237827241 0.9825381637 -0.0028715017
0.9801667333 0.1587886065 0.1185720414 0.0006224292
-0.1413387209 0.9795223475 -0.1433853060 0.0026853513
0.0000000000 0.0000000000 0.0000000000 1.0000000000
