0 1 2
-0.1364372075 0.1212699637 0.9831984639 0.0044022929
0.9795461297 0.1646860391 0.1156176403 0.0008435342
-0.1478980482 0.9788629413 -0.1412588954 0.0011886096
0.0000000000 0.0000000000 0.0000000000 1.0000000000
