0 1 2
-0.1352470070 0.1252088398 0.9828688502 0.0045412239
0.9799634814 0.1632968932 0.1140446588 0.0009517632
-0.1462200284 0.9785996079 -0.1447855383 0.0012031947
0.0000000000 0.0000000000 0.0000000000 1.0000000000
