0 1 2
-0.1061647385 0.0923457220 0.9900513291 -0.0047262013
0.9804052114 0.1758789569 0.0887253284 -0.0014487840
-0.1659357399 0.9800705910 -0.1092084721 0.0029452145
0.0000000000 0.0000000000 0.0000000000 1.0000000000
