0 1 2
-0.1147522852 0.0877261385 0.9895130992 0.0021809686
0.9815764427 0.1632018685 0.0993630514 -0.0008847201
-0.1527735740 0.9826846123 -0.1048377007 0.0008305662
0.0000000000 0.0000000000 0.0000000000 1.0000000000
