0 1 2
-0.1549575180 0.0839240104 0.9843498468 0.0040736347
0.9746677279 0.1756478250 0.1384580433 0.0016914941
-0.1612788290 0.9808694124 -0.1090159044 0.0014008135
0.0000000000 0.0000000000 0.0000000000 1.0000000000
